<?xml version="1.0"?>

<cfsInfo status="finished" infoWriteCounter="155" infoRejectCounter="0">
  <summary>
    <timer wall-clock="1h 1m 43.73s" wall="3703.73" cpu="7248.58" calls="1" max_nesting="1"/>
    <!-- memory in MB-->
    <memory final="2214.2" peak="2214.2"/>
  </summary>
  <header id="">
    <environment started="2023-Mar-09 05:45:27" host="DESKTOP-TBHLNOT" estimatedEnd="2023-Mar-09 06:47:11" remainingTime="0" timePerStep="0"/>
    <progOpts problem="Lidinoid_GFIT_M05_PLA" parameterFile="/home/ats5662/SchwarzP_Lidinoid_GFIT_Aeroacoustic_Simulation/Lidinoid/PLA/Lidinoid_GFIT_M05_PLA.xml" schemaPath="/home/ats5662/CFS-2022W-Linux/share/xml" meshFile="" logConfFile="" detailed="yes">
      <cfs version="22.09" name="Frohes Fensterln" build="Release" git_commit="56797e7bc1ba33fd9312c903fc63155c312df203" git_branch="(no branch)" exe="/home/ats5662/CFS-2022W-Linux/bin/../bin/cfsbin"/>
      <openmp CFS_NUM_THREADS="2" MKL_NUM_THREADS="2" OMP_NUM_THREADS="2"/>
    </progOpts>
    <cfsSimulation id="" xmlns="http://www.cfs++.org/simulation" xmlns:xsi="http://www.w3.org/2001/XMLSchema-instance" xsi:schemaLocation="http://www.cfs++.org/simulation   https://opencfs.gitlab.io/cfs/xml/CFS-Simulation/CFS.xsd">
      <fileFormats>
        <input>
          <cdb degenerate="false" fileName="GFITMesh.cdb" gridId="default" id="default" strict="false" surfElemsMode="nodeCmpToSurfRegions"/>
        </input>
        <output>
          <hdf5 compressionLevel="6" directory="results_hdf5" extension="cfs" externalFiles="no" gridId="default" id="hdf5" maxChunkSize="128"/>
          <text commentChar="#" coordSysId="default" entityNumbering="global" fileCollect="entity" gridId="default" id="txt"/>
        </output>
        <materialData file="mat.xml" format="xml"/>
      </fileFormats>
      <domain depth2dPlane="1.0" geometryType="3d" printGridInfo="no">
        <regionList>
          <region composite="" coordSysId="" material="Air" name="AirBlock"/>
        </regionList>
        <nodeList>
          <nodes name="Inlet">
            <coord coordSysId="default" x="0.0" y="0.0" z="0"/>
          </nodes>
          <nodes name="Outlet">
            <coord coordSysId="default" x="0.0" y="0.0" z="3.048"/>
          </nodes>
        </nodeList>
      </domain>
      <sequenceStep index="1" usage="startValue">
        <analysis>
          <harmonic numFreq="150" startFreq="377" stopFreq="3400" sampling="linear"/>
        </analysis>
        <pdeList>
          <acoustic feSpaceFormulation="default" flowFormulation="standard" formulation="acouPressure" order="1" pdeFormulation="default" subType="standard" systemId="default" timeStepAlpha="0.0" type="lagrange" updatedLagrange="no">
            <regionList>
              <region complexFluid="no" dampingId="" flowId="Flow" initialFieldD1Id="" initialFieldId="" integId="default" lambId="" name="AirBlock" nonLinId="" polyId="default" temperatureId=""/>
            </regionList>
            <flowList>
              <flow coordSysId="default" name="Flow">
                <comp dof="z" phase="0.0" value="sqrt(142604.4/1.21)*0.5"/>
                <comp dof="x" phase="0.0" value="0"/>
                <comp dof="y" phase="0.0" value="0"/>
              </flow>
            </flowList>
            <bcsAndLoads>
              <pressure coordSysId="default" harmonic="1" isComplex="false" name="Excite" phase="0.0" value="63.2" volumeRegion="AirBlock"/>
              <absorbingBCs name="EndTube" quantity="acouPressure" volumeRegion="AirBlock"/>
              <impedance impedanceId="IMP" isNormalised="true" name="Liner1" volumeRegion="AirBlock"/>
              <impedance impedanceId="IMP" isNormalised="true" name="Liner2" volumeRegion="AirBlock"/>
              <impedance impedanceId="IMP" isNormalised="true" name="Liner3" volumeRegion="AirBlock"/>
              <impedance impedanceId="IMP" isNormalised="true" name="Liner4" volumeRegion="AirBlock"/>
              <impedance impedanceId="IMP" isNormalised="true" name="Liner5" volumeRegion="AirBlock"/>
              <impedance impedanceId="IMP" isNormalised="true" name="Liner6" volumeRegion="AirBlock"/>
              <impedance impedanceId="IMP" isNormalised="true" name="Liner7" volumeRegion="AirBlock"/>
              <impedance impedanceId="IMP" isNormalised="true" name="Liner8" volumeRegion="AirBlock"/>
              <impedance impedanceId="IMP" isNormalised="true" name="Liner9" volumeRegion="AirBlock"/>
              <impedance impedanceId="IMP" isNormalised="true" name="Liner10" volumeRegion="AirBlock"/>
              <impedance impedanceId="IMP" isNormalised="true" name="Liner11" volumeRegion="AirBlock"/>
              <impedance impedanceId="IMP" isNormalised="true" name="Liner12" volumeRegion="AirBlock"/>
            </bcsAndLoads>
            <impedanceList>
              <fctImpedance id="IMP" fctReal="sample1D('Lidinoid_PLA_Resistance.txt',f,2)" fctImag="sample1D('Lidinoid_PLA_Reactance.txt',f,2)"/>
            </impedanceList>
            <storeResults>
              <nodeResult complexFormat="realImag" type="acouPressure">
                <allRegions outputIds="hdf5" postProcId="" saveBegin="0" saveEnd="2147483647" saveInc="1" writeAsHistResult="yes" writeResult="yes"/>
                <nodeList saveBegin="0" saveEnd="2147483647" saveInc="1">
                  <nodes name="Inlet" outputIds="txt" postProcId="" writeAsHistResult="yes" writeResult="yes"/>
                  <nodes name="Outlet" outputIds="txt" postProcId="" writeAsHistResult="yes" writeResult="yes"/>
                </nodeList>
              </nodeResult>
              <elemResult complexFormat="realImag" type="acouPressure">
                <allRegions outputIds="hdf5" postProcId="" saveBegin="0" saveEnd="2147483647" saveInc="1" writeAsHistResult="yes" writeResult="yes"/>
              </elemResult>
              <surfRegionResult complexFormat="realImag" type="acouPowerPlaneWave">
                <surfRegionList saveBegin="0" saveEnd="2147483647" saveInc="1">
                  <surfRegion name="Excite" neighborRegion="" outputIds="" postProcId="" writeAsHistResult="yes" writeResult="yes"/>
                  <surfRegion name="EndTube" neighborRegion="" outputIds="" postProcId="" writeAsHistResult="yes" writeResult="yes"/>
                </surfRegionList>
              </surfRegionResult>
            </storeResults>
          </acoustic>
        </pdeList>
      </sequenceStep>
    </cfsSimulation>
    <domain hull_volume="0.0098322" structure_volume="0.0098322">
      <grids>
        <timer wall-clock="6.732s" wall="6.732" cpu="6.79275" calls="1" max_nesting="1"/>
        <grid gridId="default" dimensions="3" elements="35568" nodes="145831"/>
      </grids>
      <coordinateSystems>
        <system name="default"/>
        <domain min_x="-0.0254" max_x="0.0254" min_y="-0.03175" max_y="0.03175" min_z="-1.1102e-16" max_z="3.048"/>
      </coordinateSystems>
      <regions>
        <region name="AirBlock" id="0" type="volume" regular="no" hom="yes" nodes="145831" elems="31032" isQuadratic="yes" vol="0.0098322"/>
        <region name="EndTube" id="1" type="surface" regular="yes" hom="yes" nodes="1045" elems="324" isQuadratic="yes" vol="0.0032258"/>
        <region name="Excite" id="2" type="surface" regular="yes" hom="yes" nodes="1045" elems="324" isQuadratic="yes" vol="0.0032258"/>
        <region name="Liner1" id="3" type="surface" regular="yes" hom="yes" nodes="1045" elems="324" isQuadratic="yes" vol="0.0025806"/>
        <region name="Liner10" id="4" type="surface" regular="yes" hom="yes" nodes="1045" elems="324" isQuadratic="yes" vol="0.0025806"/>
        <region name="Liner11" id="5" type="surface" regular="yes" hom="yes" nodes="1045" elems="324" isQuadratic="yes" vol="0.0025806"/>
        <region name="Liner12" id="6" type="surface" regular="yes" hom="yes" nodes="1045" elems="324" isQuadratic="yes" vol="0.0025806"/>
        <region name="Liner2" id="7" type="surface" regular="yes" hom="yes" nodes="1045" elems="324" isQuadratic="yes" vol="0.0025806"/>
        <region name="Liner3" id="8" type="surface" regular="yes" hom="yes" nodes="1045" elems="324" isQuadratic="yes" vol="0.0025806"/>
        <region name="Liner4" id="9" type="surface" regular="yes" hom="yes" nodes="1045" elems="324" isQuadratic="yes" vol="0.0025806"/>
        <region name="Liner5" id="10" type="surface" regular="yes" hom="yes" nodes="1045" elems="324" isQuadratic="yes" vol="0.0025806"/>
        <region name="Liner6" id="11" type="surface" regular="yes" hom="yes" nodes="1045" elems="324" isQuadratic="yes" vol="0.0025806"/>
        <region name="Liner7" id="12" type="surface" regular="yes" hom="yes" nodes="1045" elems="324" isQuadratic="yes" vol="0.0025806"/>
        <region name="Liner8" id="13" type="surface" regular="yes" hom="yes" nodes="1045" elems="324" isQuadratic="yes" vol="0.0025806"/>
        <region name="Liner9" id="14" type="surface" regular="yes" hom="yes" nodes="1045" elems="324" isQuadratic="yes" vol="0.0025806"/>
      </regions>
      <namedNodes>
        <nodes name="Inlet" count="1" coord="(1.84314e-18,-1.48174e-18,-1.11022e-16)"/>
        <nodes name="Outlet" count="1" coord="(1.84314e-18,-1.87928e-18,3.048)"/>
      </namedNodes>
      <namedElements/>
      <globalMathParser dt="0" f="3400" step="150" t="0" t0="0"/>
    </domain>
    <results>
      <timer wall-clock="46.1s" wall="46.105" cpu="46.1767" calls="1050" max_nesting="1"/>
    </results>
  </header>
  <sequenceStep sequence="1">
    <harmonic>
      <header unit="Hz" sampling="linear" start="377" end="3400" numFreq="150"/>
      <init_harmonic>
        <timer wall-clock="5.625s" wall="5.625" cpu="6.75638" calls="1" max_nesting="1"/>
      </init_harmonic>
    </harmonic>
    <PDE>
      <acoustic>
        <header>
          <region name="AirBlock" damping="none"/>
          <integrators>
            <matrixBiLinearForms>
              <bilinearForm integrator="impedIntegrator" type="BBInt" complex="yes" region="Liner4">
                <coef type="CoefFunctionImpedanceModel<complex>" value="(,  )"/>
                <row pde="acoustic" functionId="0" result="acouPressure"/>
                <column pde="acoustic" functionId="0" result="acouPressure"/>
                <destination feMatrix="damping" feMatrixMapped="system" feSecondMatrix="no_fe_matrix" feSecondMatrixFac="0.0  "/>
                <attributes entryType="RealPart" counterPart="no" symmetric="yes" solutionDependent="no" updatedGeo="no"/>
              </bilinearForm>
              <bilinearForm integrator="LaplaceIntegrator" type="BBInt" complex="no" BOp="GradientOperator" region="AirBlock">
                <coef type="CoefFunctionConst" value="1"/>
                <row pde="acoustic" functionId="0" result="acouPressure"/>
                <column pde="acoustic" functionId="0" result="acouPressure"/>
                <destination feMatrix="stiffness" feMatrixMapped="system" feSecondMatrix="no_fe_matrix" feSecondMatrixFac="0.0  "/>
                <attributes entryType="RealPart" counterPart="no" symmetric="yes" solutionDependent="no" updatedGeo="no"/>
              </bilinearForm>
              <bilinearForm integrator="impedIntegrator" type="BBInt" complex="yes" region="Liner11">
                <coef type="CoefFunctionImpedanceModel<complex>" value="(,  )"/>
                <row pde="acoustic" functionId="0" result="acouPressure"/>
                <column pde="acoustic" functionId="0" result="acouPressure"/>
                <destination feMatrix="damping" feMatrixMapped="system" feSecondMatrix="no_fe_matrix" feSecondMatrixFac="0.0  "/>
                <attributes entryType="RealPart" counterPart="no" symmetric="yes" solutionDependent="no" updatedGeo="no"/>
              </bilinearForm>
              <bilinearForm integrator="impedIntegrator" type="BBInt" complex="yes" region="Liner5">
                <coef type="CoefFunctionImpedanceModel<complex>" value="(,  )"/>
                <row pde="acoustic" functionId="0" result="acouPressure"/>
                <column pde="acoustic" functionId="0" result="acouPressure"/>
                <destination feMatrix="damping" feMatrixMapped="system" feSecondMatrix="no_fe_matrix" feSecondMatrixFac="0.0  "/>
                <attributes entryType="RealPart" counterPart="no" symmetric="yes" solutionDependent="no" updatedGeo="no"/>
              </bilinearForm>
              <bilinearForm integrator="impedIntegrator" type="BBInt" complex="yes" region="Liner12">
                <coef type="CoefFunctionImpedanceModel<complex>" value="(,  )"/>
                <row pde="acoustic" functionId="0" result="acouPressure"/>
                <column pde="acoustic" functionId="0" result="acouPressure"/>
                <destination feMatrix="damping" feMatrixMapped="system" feSecondMatrix="no_fe_matrix" feSecondMatrixFac="0.0  "/>
                <attributes entryType="RealPart" counterPart="no" symmetric="yes" solutionDependent="no" updatedGeo="no"/>
              </bilinearForm>
              <bilinearForm integrator="impedIntegrator" type="BBInt" complex="yes" region="Liner2">
                <coef type="CoefFunctionImpedanceModel<complex>" value="(,  )"/>
                <row pde="acoustic" functionId="0" result="acouPressure"/>
                <column pde="acoustic" functionId="0" result="acouPressure"/>
                <destination feMatrix="damping" feMatrixMapped="system" feSecondMatrix="no_fe_matrix" feSecondMatrixFac="0.0  "/>
                <attributes entryType="RealPart" counterPart="no" symmetric="yes" solutionDependent="no" updatedGeo="no"/>
              </bilinearForm>
              <bilinearForm integrator="MassIntegrator" type="BBInt" complex="no" region="AirBlock">
                <coef type="CoefFunctionConst" value="8.4850116826689797e-06"/>
                <row pde="acoustic" functionId="0" result="acouPressure"/>
                <column pde="acoustic" functionId="0" result="acouPressure"/>
                <destination feMatrix="mass" feMatrixMapped="system" feSecondMatrix="no_fe_matrix" feSecondMatrixFac="0.0  "/>
                <attributes entryType="RealPart" counterPart="no" symmetric="yes" solutionDependent="no" updatedGeo="no"/>
              </bilinearForm>
              <bilinearForm integrator="impedIntegrator" type="BBInt" complex="yes" region="Liner3">
                <coef type="CoefFunctionImpedanceModel<complex>" value="(,  )"/>
                <row pde="acoustic" functionId="0" result="acouPressure"/>
                <column pde="acoustic" functionId="0" result="acouPressure"/>
                <destination feMatrix="damping" feMatrixMapped="system" feSecondMatrix="no_fe_matrix" feSecondMatrixFac="0.0  "/>
                <attributes entryType="RealPart" counterPart="no" symmetric="yes" solutionDependent="no" updatedGeo="no"/>
              </bilinearForm>
              <bilinearForm integrator="abcIntegrator" type="BBInt" complex="no" region="EndTube">
                <coef type="CoefFunctionConst" value="0.0029129043380566036"/>
                <row pde="acoustic" functionId="0" result="acouPressure"/>
                <column pde="acoustic" functionId="0" result="acouPressure"/>
                <destination feMatrix="damping" feMatrixMapped="system" feSecondMatrix="no_fe_matrix" feSecondMatrixFac="0.0  "/>
                <attributes entryType="RealPart" counterPart="no" symmetric="yes" solutionDependent="no" updatedGeo="no"/>
              </bilinearForm>
              <bilinearForm integrator="impedIntegrator" type="BBInt" complex="yes" region="Liner9">
                <coef type="CoefFunctionImpedanceModel<complex>" value="(,  )"/>
                <row pde="acoustic" functionId="0" result="acouPressure"/>
                <column pde="acoustic" functionId="0" result="acouPressure"/>
                <destination feMatrix="damping" feMatrixMapped="system" feSecondMatrix="no_fe_matrix" feSecondMatrixFac="0.0  "/>
                <attributes entryType="RealPart" counterPart="no" symmetric="yes" solutionDependent="no" updatedGeo="no"/>
              </bilinearForm>
              <bilinearForm integrator="convectiveDampPierceTransposed" type="ABInt" complex="yes" region="AirBlock">
                <coef type="CoefFunctionConst" value="8.4850116826689797e-06"/>
                <row pde="acoustic" functionId="0" result="acouPressure"/>
                <column pde="acoustic" functionId="0" result="acouPressure"/>
                <destination feMatrix="damping" feMatrixMapped="system" feSecondMatrix="no_fe_matrix" feSecondMatrixFac="0.0  "/>
                <attributes entryType="RealPart" counterPart="no" symmetric="no" solutionDependent="no" updatedGeo="no"/>
              </bilinearForm>
              <bilinearForm integrator="impedIntegrator" type="BBInt" complex="yes" region="Liner8">
                <coef type="CoefFunctionImpedanceModel<complex>" value="(,  )"/>
                <row pde="acoustic" functionId="0" result="acouPressure"/>
                <column pde="acoustic" functionId="0" result="acouPressure"/>
                <destination feMatrix="damping" feMatrixMapped="system" feSecondMatrix="no_fe_matrix" feSecondMatrixFac="0.0  "/>
                <attributes entryType="RealPart" counterPart="no" symmetric="yes" solutionDependent="no" updatedGeo="no"/>
              </bilinearForm>
              <bilinearForm integrator="impedIntegrator" type="BBInt" complex="yes" region="Liner7">
                <coef type="CoefFunctionImpedanceModel<complex>" value="(,  )"/>
                <row pde="acoustic" functionId="0" result="acouPressure"/>
                <column pde="acoustic" functionId="0" result="acouPressure"/>
                <destination feMatrix="damping" feMatrixMapped="system" feSecondMatrix="no_fe_matrix" feSecondMatrixFac="0.0  "/>
                <attributes entryType="RealPart" counterPart="no" symmetric="yes" solutionDependent="no" updatedGeo="no"/>
              </bilinearForm>
              <bilinearForm integrator="convectiveDampPierce" type="ABInt" complex="yes" BOp="ConvectiveOperator" region="AirBlock">
                <coef type="CoefFunctionConst" value="8.4850116826689797e-06"/>
                <row pde="acoustic" functionId="0" result="acouPressure"/>
                <column pde="acoustic" functionId="0" result="acouPressure"/>
                <destination feMatrix="damping" feMatrixMapped="system" feSecondMatrix="no_fe_matrix" feSecondMatrixFac="0.0  "/>
                <attributes entryType="RealPart" counterPart="no" symmetric="no" solutionDependent="no" updatedGeo="no"/>
              </bilinearForm>
              <bilinearForm integrator="convectiveStiffPierce" type="BBInt" complex="yes" BOp="ConvectiveOperator" region="AirBlock">
                <coef type="CoefFunctionConst" value="8.4850116826689797e-06"/>
                <row pde="acoustic" functionId="0" result="acouPressure"/>
                <column pde="acoustic" functionId="0" result="acouPressure"/>
                <destination feMatrix="stiffness" feMatrixMapped="system" feSecondMatrix="no_fe_matrix" feSecondMatrixFac="0.0  "/>
                <attributes entryType="RealPart" counterPart="no" symmetric="yes" solutionDependent="no" updatedGeo="no"/>
              </bilinearForm>
              <bilinearForm integrator="impedIntegrator" type="BBInt" complex="yes" region="Liner6">
                <coef type="CoefFunctionImpedanceModel<complex>" value="(,  )"/>
                <row pde="acoustic" functionId="0" result="acouPressure"/>
                <column pde="acoustic" functionId="0" result="acouPressure"/>
                <destination feMatrix="damping" feMatrixMapped="system" feSecondMatrix="no_fe_matrix" feSecondMatrixFac="0.0  "/>
                <attributes entryType="RealPart" counterPart="no" symmetric="yes" solutionDependent="no" updatedGeo="no"/>
              </bilinearForm>
              <bilinearForm integrator="impedIntegrator" type="BBInt" complex="yes" region="Liner1">
                <coef type="CoefFunctionImpedanceModel<complex>" value="(,  )"/>
                <row pde="acoustic" functionId="0" result="acouPressure"/>
                <column pde="acoustic" functionId="0" result="acouPressure"/>
                <destination feMatrix="damping" feMatrixMapped="system" feSecondMatrix="no_fe_matrix" feSecondMatrixFac="0.0  "/>
                <attributes entryType="RealPart" counterPart="no" symmetric="yes" solutionDependent="no" updatedGeo="no"/>
              </bilinearForm>
              <bilinearForm integrator="impedIntegrator" type="BBInt" complex="yes" region="Liner10">
                <coef type="CoefFunctionImpedanceModel<complex>" value="(,  )"/>
                <row pde="acoustic" functionId="0" result="acouPressure"/>
                <column pde="acoustic" functionId="0" result="acouPressure"/>
                <destination feMatrix="damping" feMatrixMapped="system" feSecondMatrix="no_fe_matrix" feSecondMatrixFac="0.0  "/>
                <attributes entryType="RealPart" counterPart="no" symmetric="yes" solutionDependent="no" updatedGeo="no"/>
              </bilinearForm>
            </matrixBiLinearForms>
            <rhsLinearForms/>
          </integrators>
        </header>
        <material name="Air">
          <regionList>
            <region name="AirBlock"/>
          </regionList>
          <property name="Acoustic_Bulk_Modulus" value="142604.39999999999"/>
          <property name="Acoustic_Bulk_Modulus_Complex" value="(142604,0)"/>
          <property name="Acoustic_Density_Complex" value="(1.21,0)"/>
          <property name="Acoustic_Sound_Speed" value="343.2999796578174"/>
          <property name="Density" value="1.21"/>
        </material>
        <feSpaces>
          <acouPressure>
            <h1Nodal>
              <regionList>
                <AirBlock/>
                <default order="2"/>
              </regionList>
            </h1Nodal>
          </acouPressure>
        </feSpaces>
        <feFunctions>
          <acouPressure/>
          <homDirichletBC/>
          <inhomDirichletBC>
            <surfElemList name="Excite" dofs="" value="(63.2,0)"/>
          </inhomDirichletBC>
        </feFunctions>
        <exemplaryLocalMatrix>
          <tensor form="impedIntegrator" region="Liner1" element="31056">
            <matrix dim1="8" dim2="8">
              <complex>
                (1.362757e-10,-3.124529e-10) (4.542523e-11,-1.041510e-10) (6.813784e-11,-1.562264e-10) (4.542523e-11,-1.041510e-10) (-1.362757e-10,3.124529e-10) (-1.817009e-10,4.166038e-10) (-1.817009e-10,4.166038e-10) (-1.362757e-10,3.124529e-10)
                (4.542523e-11,-1.041510e-10) (1.362757e-10,-3.124529e-10) (4.542523e-11,-1.041510e-10) (6.813784e-11,-1.562264e-10) (-1.362757e-10,3.124529e-10) (-1.362757e-10,3.124529e-10) (-1.817009e-10,4.166038e-10) (-1.817009e-10,4.166038e-10)
                (6.813784e-11,-1.562264e-10) (4.542523e-11,-1.041510e-10) (1.362757e-10,-3.124529e-10) (4.542523e-11,-1.041510e-10) (-1.817009e-10,4.166038e-10) (-1.362757e-10,3.124529e-10) (-1.362757e-10,3.124529e-10) (-1.817009e-10,4.166038e-10)
                (4.542523e-11,-1.041510e-10) (6.813784e-11,-1.562264e-10) (4.542523e-11,-1.041510e-10) (1.362757e-10,-3.124529e-10) (-1.817009e-10,4.166038e-10) (-1.817009e-10,4.166038e-10) (-1.362757e-10,3.124529e-10) (-1.362757e-10,3.124529e-10)
                (-1.362757e-10,3.124529e-10) (-1.362757e-10,3.124529e-10) (-1.817009e-10,4.166038e-10) (-1.817009e-10,4.166038e-10) (7.268036e-10,-1.666415e-09) (4.542523e-10,-1.041510e-09) (3.634018e-10,-8.332077e-10) (4.542523e-10,-1.041510e-09)
                (-1.817009e-10,4.166038e-10) (-1.362757e-10,3.124529e-10) (-1.362757e-10,3.124529e-10) (-1.817009e-10,4.166038e-10) (4.542523e-10,-1.041510e-09) (7.268036e-10,-1.666415e-09) (4.542523e-10,-1.041510e-09) (3.634018e-10,-8.332077e-10)
                (-1.817009e-10,4.166038e-10) (-1.817009e-10,4.166038e-10) (-1.362757e-10,3.124529e-10) (-1.362757e-10,3.124529e-10) (3.634018e-10,-8.332077e-10) (4.542523e-10,-1.041510e-09) (7.268036e-10,-1.666415e-09) (4.542523e-10,-1.041510e-09)
                (-1.362757e-10,3.124529e-10) (-1.817009e-10,4.166038e-10) (-1.817009e-10,4.166038e-10) (-1.362757e-10,3.124529e-10) (4.542523e-10,-1.041510e-09) (3.634018e-10,-8.332077e-10) (4.542523e-10,-1.041510e-09) (7.268036e-10,-1.666415e-09)
              </complex>
            </matrix>
          </tensor>
          <tensor form="abcIntegrator" region="EndTube" element="31036">
            <matrix dim1="8" dim2="8">
              <real>
                 9.667126e-10  3.222375e-10  4.833563e-10  3.222375e-10 -9.667126e-10 -1.288950e-09 -1.288950e-09 -9.667126e-10
                 3.222375e-10  9.667126e-10  3.222375e-10  4.833563e-10 -9.667126e-10 -9.667126e-10 -1.288950e-09 -1.288950e-09
                 4.833563e-10  3.222375e-10  9.667126e-10  3.222375e-10 -1.288950e-09 -9.667126e-10 -9.667126e-10 -1.288950e-09
                 3.222375e-10  4.833563e-10  3.222375e-10  9.667126e-10 -1.288950e-09 -1.288950e-09 -9.667126e-10 -9.667126e-10
                -9.667126e-10 -9.667126e-10 -1.288950e-09 -1.288950e-09  5.155801e-09  3.222375e-09  2.577900e-09  3.222375e-09
                -1.288950e-09 -9.667126e-10 -9.667126e-10 -1.288950e-09  3.222375e-09  5.155801e-09  3.222375e-09  2.577900e-09
                -1.288950e-09 -1.288950e-09 -9.667126e-10 -9.667126e-10  2.577900e-09  3.222375e-09  5.155801e-09  3.222375e-09
                -9.667126e-10 -1.288950e-09 -1.288950e-09 -9.667126e-10  3.222375e-09  2.577900e-09  3.222375e-09  5.155801e-09
              </real>
            </matrix>
          </tensor>
          <tensor form="impedIntegrator" region="Liner4" element="31043">
            <matrix dim1="8" dim2="8">
              <complex>
                (1.362757e-10,-3.124529e-10) (4.542523e-11,-1.041510e-10) (6.813784e-11,-1.562264e-10) (4.542523e-11,-1.041510e-10) (-1.362757e-10,3.124529e-10) (-1.817009e-10,4.166038e-10) (-1.817009e-10,4.166038e-10) (-1.362757e-10,3.124529e-10)
                (4.542523e-11,-1.041510e-10) (1.362757e-10,-3.124529e-10) (4.542523e-11,-1.041510e-10) (6.813784e-11,-1.562264e-10) (-1.362757e-10,3.124529e-10) (-1.362757e-10,3.124529e-10) (-1.817009e-10,4.166038e-10) (-1.817009e-10,4.166038e-10)
                (6.813784e-11,-1.562264e-10) (4.542523e-11,-1.041510e-10) (1.362757e-10,-3.124529e-10) (4.542523e-11,-1.041510e-10) (-1.817009e-10,4.166038e-10) (-1.362757e-10,3.124529e-10) (-1.362757e-10,3.124529e-10) (-1.817009e-10,4.166038e-10)
                (4.542523e-11,-1.041510e-10) (6.813784e-11,-1.562264e-10) (4.542523e-11,-1.041510e-10) (1.362757e-10,-3.124529e-10) (-1.817009e-10,4.166038e-10) (-1.817009e-10,4.166038e-10) (-1.362757e-10,3.124529e-10) (-1.362757e-10,3.124529e-10)
                (-1.362757e-10,3.124529e-10) (-1.362757e-10,3.124529e-10) (-1.817009e-10,4.166038e-10) (-1.817009e-10,4.166038e-10) (7.268036e-10,-1.666415e-09) (4.542523e-10,-1.041510e-09) (3.634018e-10,-8.332077e-10) (4.542523e-10,-1.041510e-09)
                (-1.817009e-10,4.166038e-10) (-1.362757e-10,3.124529e-10) (-1.362757e-10,3.124529e-10) (-1.817009e-10,4.166038e-10) (4.542523e-10,-1.041510e-09) (7.268036e-10,-1.666415e-09) (4.542523e-10,-1.041510e-09) (3.634018e-10,-8.332077e-10)
                (-1.817009e-10,4.166038e-10) (-1.817009e-10,4.166038e-10) (-1.362757e-10,3.124529e-10) (-1.362757e-10,3.124529e-10) (3.634018e-10,-8.332077e-10) (4.542523e-10,-1.041510e-09) (7.268036e-10,-1.666415e-09) (4.542523e-10,-1.041510e-09)
                (-1.362757e-10,3.124529e-10) (-1.817009e-10,4.166038e-10) (-1.817009e-10,4.166038e-10) (-1.362757e-10,3.124529e-10) (4.542523e-10,-1.041510e-09) (3.634018e-10,-8.332077e-10) (4.542523e-10,-1.041510e-09) (7.268036e-10,-1.666415e-09)
              </complex>
            </matrix>
          </tensor>
          <tensor form="impedIntegrator" region="Liner2" element="31055">
            <matrix dim1="8" dim2="8">
              <complex>
                (1.362757e-10,-3.124529e-10) (4.542523e-11,-1.041510e-10) (6.813784e-11,-1.562264e-10) (4.542523e-11,-1.041510e-10) (-1.362757e-10,3.124529e-10) (-1.817009e-10,4.166038e-10) (-1.817009e-10,4.166038e-10) (-1.362757e-10,3.124529e-10)
                (4.542523e-11,-1.041510e-10) (1.362757e-10,-3.124529e-10) (4.542523e-11,-1.041510e-10) (6.813784e-11,-1.562264e-10) (-1.362757e-10,3.124529e-10) (-1.362757e-10,3.124529e-10) (-1.817009e-10,4.166038e-10) (-1.817009e-10,4.166038e-10)
                (6.813784e-11,-1.562264e-10) (4.542523e-11,-1.041510e-10) (1.362757e-10,-3.124529e-10) (4.542523e-11,-1.041510e-10) (-1.817009e-10,4.166038e-10) (-1.362757e-10,3.124529e-10) (-1.362757e-10,3.124529e-10) (-1.817009e-10,4.166038e-10)
                (4.542523e-11,-1.041510e-10) (6.813784e-11,-1.562264e-10) (4.542523e-11,-1.041510e-10) (1.362757e-10,-3.124529e-10) (-1.817009e-10,4.166038e-10) (-1.817009e-10,4.166038e-10) (-1.362757e-10,3.124529e-10) (-1.362757e-10,3.124529e-10)
                (-1.362757e-10,3.124529e-10) (-1.362757e-10,3.124529e-10) (-1.817009e-10,4.166038e-10) (-1.817009e-10,4.166038e-10) (7.268036e-10,-1.666415e-09) (4.542523e-10,-1.041510e-09) (3.634018e-10,-8.332077e-10) (4.542523e-10,-1.041510e-09)
                (-1.817009e-10,4.166038e-10) (-1.362757e-10,3.124529e-10) (-1.362757e-10,3.124529e-10) (-1.817009e-10,4.166038e-10) (4.542523e-10,-1.041510e-09) (7.268036e-10,-1.666415e-09) (4.542523e-10,-1.041510e-09) (3.634018e-10,-8.332077e-10)
                (-1.817009e-10,4.166038e-10) (-1.817009e-10,4.166038e-10) (-1.362757e-10,3.124529e-10) (-1.362757e-10,3.124529e-10) (3.634018e-10,-8.332077e-10) (4.542523e-10,-1.041510e-09) (7.268036e-10,-1.666415e-09) (4.542523e-10,-1.041510e-09)
                (-1.362757e-10,3.124529e-10) (-1.817009e-10,4.166038e-10) (-1.817009e-10,4.166038e-10) (-1.362757e-10,3.124529e-10) (4.542523e-10,-1.041510e-09) (3.634018e-10,-8.332077e-10) (4.542523e-10,-1.041510e-09) (7.268036e-10,-1.666415e-09)
              </complex>
            </matrix>
          </tensor>
          <tensor form="impedIntegrator" region="Liner6" element="31037">
            <matrix dim1="8" dim2="8">
              <complex>
                (1.362757e-10,-3.124529e-10) (4.542523e-11,-1.041510e-10) (6.813784e-11,-1.562264e-10) (4.542523e-11,-1.041510e-10) (-1.362757e-10,3.124529e-10) (-1.817009e-10,4.166038e-10) (-1.817009e-10,4.166038e-10) (-1.362757e-10,3.124529e-10)
                (4.542523e-11,-1.041510e-10) (1.362757e-10,-3.124529e-10) (4.542523e-11,-1.041510e-10) (6.813784e-11,-1.562264e-10) (-1.362757e-10,3.124529e-10) (-1.362757e-10,3.124529e-10) (-1.817009e-10,4.166038e-10) (-1.817009e-10,4.166038e-10)
                (6.813784e-11,-1.562264e-10) (4.542523e-11,-1.041510e-10) (1.362757e-10,-3.124529e-10) (4.542523e-11,-1.041510e-10) (-1.817009e-10,4.166038e-10) (-1.362757e-10,3.124529e-10) (-1.362757e-10,3.124529e-10) (-1.817009e-10,4.166038e-10)
                (4.542523e-11,-1.041510e-10) (6.813784e-11,-1.562264e-10) (4.542523e-11,-1.041510e-10) (1.362757e-10,-3.124529e-10) (-1.817009e-10,4.166038e-10) (-1.817009e-10,4.166038e-10) (-1.362757e-10,3.124529e-10) (-1.362757e-10,3.124529e-10)
                (-1.362757e-10,3.124529e-10) (-1.362757e-10,3.124529e-10) (-1.817009e-10,4.166038e-10) (-1.817009e-10,4.166038e-10) (7.268036e-10,-1.666415e-09) (4.542523e-10,-1.041510e-09) (3.634018e-10,-8.332077e-10) (4.542523e-10,-1.041510e-09)
                (-1.817009e-10,4.166038e-10) (-1.362757e-10,3.124529e-10) (-1.362757e-10,3.124529e-10) (-1.817009e-10,4.166038e-10) (4.542523e-10,-1.041510e-09) (7.268036e-10,-1.666415e-09) (4.542523e-10,-1.041510e-09) (3.634018e-10,-8.332077e-10)
                (-1.817009e-10,4.166038e-10) (-1.817009e-10,4.166038e-10) (-1.362757e-10,3.124529e-10) (-1.362757e-10,3.124529e-10) (3.634018e-10,-8.332077e-10) (4.542523e-10,-1.041510e-09) (7.268036e-10,-1.666415e-09) (4.542523e-10,-1.041510e-09)
                (-1.362757e-10,3.124529e-10) (-1.817009e-10,4.166038e-10) (-1.817009e-10,4.166038e-10) (-1.362757e-10,3.124529e-10) (4.542523e-10,-1.041510e-09) (3.634018e-10,-8.332077e-10) (4.542523e-10,-1.041510e-09) (7.268036e-10,-1.666415e-09)
              </complex>
            </matrix>
          </tensor>
          <tensor form="LaplaceIntegrator" region="AirBlock" element="1">
            <matrix dim1="20" dim2="20">
              <real>
                 3.371245e-03  2.190152e-03  1.484513e-03  2.131403e-03  2.455729e-03  1.395007e-03  7.247607e-04  1.234789e-03 -2.361992e-03 -9.361940e-04 -5.100540e-04 -1.825571e-03  9.294717e-04 -5.372517e-04 -1.919122e-04 -1.149479e-03 -3.680240e-03 -2.346303e-03 -7.854299e-04 -1.592643e-03
                 2.190152e-03  3.422297e-03  2.159998e-03  1.473561e-03  1.373275e-03  2.494659e-03  1.229082e-03  7.087946e-04 -2.405366e-03 -1.725263e-03 -5.261130e-04 -9.993262e-04  9.566875e-04 -1.116601e-03 -1.691734e-04 -4.981705e-04 -2.332967e-03 -3.793545e-03 -1.684608e-03 -7.573735e-04
                 1.484513e-03  2.159998e-03  4.948714e-03  2.645886e-03  6.391580e-05  1.305433e-03  1.670045e-03  1.041455e-03 -1.377692e-03 -3.034755e-03 -2.396295e-03 -1.676745e-03  2.417794e-03 -1.422860e-04 -5.347503e-04  5.329176e-04 -6.726331e-04 -1.973963e-03 -3.987220e-03 -2.474333e-03
                 2.131403e-03  1.473561e-03  2.645886e-03  4.710295e-03  1.259157e-03  8.898111e-05  1.026114e-03  1.614108e-03 -1.353123e-03 -1.615051e-03 -2.294123e-03 -3.103280e-03  2.382751e-03  5.016949e-04 -5.191131e-04 -1.509533e-04 -1.879411e-03 -6.932148e-04 -2.461004e-03 -3.764678e-03
                 2.455729e-03  1.373275e-03  6.391580e-05  1.259157e-03  4.748436e-03  1.566147e-03  9.428804e-04  1.894149e-03 -1.444789e-03  3.470462e-04  9.197868e-04 -1.288704e-03 -8.792320e-05 -2.167961e-03 -9.900912e-04 -3.953893e-03 -4.495057e-03 -1.729614e-03  9.594286e-04 -3.719180e-04
                 1.395007e-03  2.494659e-03  1.305433e-03  8.898111e-05  1.566147e-03  4.794215e-03  1.869922e-03  9.617863e-04 -1.473150e-03 -1.234993e-03  8.923173e-04  2.546811e-04 -8.662352e-06 -3.914809e-03 -9.731187e-04 -2.137815e-03 -1.762293e-03 -4.611466e-03 -4.177584e-04  9.109144e-04
                 7.247607e-04  1.229082e-03  1.670045e-03  1.026114e-03  9.428804e-04  1.869922e-03  2.024500e-03  1.097722e-03 -5.885708e-04 -1.062451e-03 -4.051015e-04 -2.968025e-04  3.560616e-04 -2.224879e-03 -1.048048e-03 -1.356042e-03 -5.693573e-04 -1.484515e-03 -1.428274e-03 -4.770461e-04
                 1.234789e-03  7.087946e-04  1.041455e-03  1.614108e-03  1.894149e-03  9.617863e-04  1.097722e-03  2.101128e-03 -5.724867e-04 -2.271020e-04 -3.807325e-04 -1.131582e-03  3.057122e-04 -1.406771e-03 -1.093336e-03 -2.332277e-03 -1.462417e-03 -5.619533e-04 -4.290246e-04 -1.361962e-03
                -2.361992e-03 -2.405366e-03 -1.377692e-03 -1.353123e-03 -1.444789e-03 -1.473150e-03 -5.885708e-04 -5.724867e-04  3.701385e-03  4.863936e-04  5.283185e-04  5.533695e-04 -6.210261e-04  4.537422e-04  2.070860e-04  4.178560e-04  2.401043e-03  2.459966e-03  5.221591e-04  4.668779e-04
                -9.361940e-04 -1.725263e-03 -3.034755e-03 -1.615051e-03  3.470462e-04 -1.234993e-03 -1.062451e-03 -2.271020e-04  4.863936e-04  6.229495e-03  7.095921e-04  1.737067e-03 -3.037612e-03  6.618007e-04 -4.333372e-04 -1.470922e-05 -1.647207e-04  6.416101e-04  2.133580e-03  5.396027e-04
                -5.100540e-04 -5.261130e-04 -2.396295e-03 -2.294123e-03  9.197868e-04  8.923173e-04 -4.051015e-04 -3.807325e-04  5.283185e-04  7.095921e-04  4.854940e-03  7.340410e-04 -2.597253e-03 -1.718141e-03  2.394375e-06 -1.750561e-03 -4.725763e-04 -4.244241e-04  2.463300e-03  2.370686e-03
                -1.825571e-03 -9.993262e-04 -1.676745e-03 -3.103280e-03 -1.288704e-03  2.546811e-04 -2.968025e-04 -1.131582e-03  5.533695e-04  1.737067e-03  7.340410e-04  6.175401e-03 -2.911532e-03  6.337770e-05 -3.472701e-04  8.178825e-04  6.870974e-04 -9.309462e-05  6.118256e-04  2.039165e-03
                 9.294717e-04  9.566875e-04  2.417794e-03  2.382751e-03 -8.792320e-05 -8.662352e-06  3.560616e-04  3.057122e-04 -6.210261e-04 -3.037612e-03 -2.597253e-03 -2.911532e-03  8.457227e-03  1.739583e-03  4.199106e-04  1.729664e-03 -1.317388e-03 -1.418657e-03 -3.889048e-03 -3.805762e-03
                -5.372517e-04 -1.116601e-03 -1.422860e-04  5.016949e-04 -2.167961e-03 -3.914809e-03 -2.224879e-03 -1.406771e-03  4.537422e-04  6.618007e-04 -1.718141e-03  6.337770e-05  1.739583e-03  7.394488e-03  1.829834e-03  3.933952e-03  3.997424e-04  1.551848e-03 -3.305390e-03 -1.995974e-03
                -1.919122e-04 -1.691734e-04 -5.347503e-04 -5.191131e-04 -9.900912e-04 -9.731187e-04 -1.048048e-03 -1.093336e-03  2.070860e-04 -4.333372e-04  2.394375e-06 -3.472701e-04  4.199106e-04  1.829834e-03  3.363339e-03  1.784290e-03  3.665914e-06 -1.977395e-05 -7.261252e-04 -5.644708e-04
                -1.149479e-03 -4.981705e-04  5.329176e-04 -1.509533e-04 -3.953893e-03 -2.137815e-03 -1.356042e-03 -2.332277e-03  4.178560e-04 -1.470922e-05 -1.750561e-03  8.178825e-04  1.729664e-03  3.933952e-03  1.784290e-03  7.486171e-03  1.555517e-03  3.536487e-04 -2.065314e-03 -3.202684e-03
                -3.680240e-03 -2.332967e-03 -6.726331e-04 -1.879411e-03 -4.495057e-03 -1.762293e-03 -5.693573e-04 -1.462417e-03  2.401043e-03 -1.647207e-04 -4.725763e-04  6.870974e-04 -1.317388e-03  3.997424e-04  3.665914e-06  1.555517e-03  7.721938e-03  3.555883e-03  6.269560e-04  1.857217e-03
                -2.346303e-03 -3.793545e-03 -1.973963e-03 -6.932148e-04 -1.729614e-03 -4.611466e-03 -1.484515e-03 -5.619533e-04  2.459966e-03  6.416101e-04 -4.244241e-04 -9.309462e-05 -1.418657e-03  1.551848e-03 -1.977395e-05  3.536487e-04  3.555883e-03  7.923619e-03  2.027981e-03  6.359677e-04
                -7.854299e-04 -1.684608e-03 -3.987220e-03 -2.461004e-03  9.594286e-04 -4.177584e-04 -1.428274e-03 -4.290246e-04  5.221591e-04  2.133580e-03  2.463300e-03  6.118256e-04 -3.889048e-03 -3.305390e-03 -7.261252e-04 -2.065314e-03  6.269560e-04  2.027981e-03  8.632844e-03  3.201122e-03
                -1.592643e-03 -7.573735e-04 -2.474333e-03 -3.764678e-03 -3.719180e-04  9.109144e-04 -4.770461e-04 -1.361962e-03  4.668779e-04  5.396027e-04  2.370686e-03  2.039165e-03 -3.805762e-03 -1.995974e-03 -5.644708e-04 -3.202684e-03  1.857217e-03  6.359677e-04  3.201122e-03  8.347291e-03
              </real>
            </matrix>
          </tensor>
          <tensor form="MassIntegrator" region="AirBlock" element="1">
            <matrix dim1="20" dim2="20">
              <real>
                 0.000000e+00  0.000000e+00  0.000000e+00  0.000000e+00  0.000000e+00  0.000000e+00  0.000000e+00  0.000000e+00  0.000000e+00  0.000000e+00  0.000000e+00  0.000000e+00  0.000000e+00  0.000000e+00  0.000000e+00  0.000000e+00  0.000000e+00  0.000000e+00  0.000000e+00  0.000000e+00
                 0.000000e+00  0.000000e+00  0.000000e+00  0.000000e+00  0.000000e+00  0.000000e+00  0.000000e+00  0.000000e+00  0.000000e+00  0.000000e+00  0.000000e+00  0.000000e+00  0.000000e+00  0.000000e+00  0.000000e+00  0.000000e+00  0.000000e+00  0.000000e+00  0.000000e+00  0.000000e+00
                 0.000000e+00  0.000000e+00  0.000000e+00  0.000000e+00  0.000000e+00  0.000000e+00  0.000000e+00  0.000000e+00  0.000000e+00  0.000000e+00  0.000000e+00  0.000000e+00  0.000000e+00  0.000000e+00  0.000000e+00  0.000000e+00  0.000000e+00  0.000000e+00  0.000000e+00  0.000000e+00
                 0.000000e+00  0.000000e+00  0.000000e+00  0.000000e+00  0.000000e+00  0.000000e+00  0.000000e+00  0.000000e+00  0.000000e+00  0.000000e+00  0.000000e+00  0.000000e+00  0.000000e+00  0.000000e+00  0.000000e+00  0.000000e+00  0.000000e+00  0.000000e+00  0.000000e+00  0.000000e+00
                 0.000000e+00  0.000000e+00  0.000000e+00  0.000000e+00  0.000000e+00  0.000000e+00  0.000000e+00  0.000000e+00  0.000000e+00  0.000000e+00  0.000000e+00  0.000000e+00  0.000000e+00  0.000000e+00  0.000000e+00  0.000000e+00  0.000000e+00  0.000000e+00  0.000000e+00  0.000000e+00
